image: levine-and-moore.pgm
resolution: 0.050000
origin: [-41.974292, -33.932489, 0.000000]
negate: 0
occupied_thresh: 0.65
free_thresh: 0.196

