image: race_track_f110.pgm
resolution: 0.050000
origin: [-34.03, -35.33, 0.000000]
negate: 0
occupied_thresh: 0.65
free_thresh: 0.196

